0 0.107037 0.425000 0.161728 0.272222
0 0.189753 0.169444 0.060494 0.101852
0 0.326790 0.188889 0.188889 0.229630
0 0.598395 0.191667 0.223457 0.175926
0 0.753333 0.316667 0.145679 0.151852
0 0.897160 0.612963 0.114815 0.196296
0 0.722469 0.544444 0.214815 0.251852
0 0.378025 0.349074 0.140741 0.150000
0 0.184815 0.678704 0.186420 0.235185
0 0.214444 0.849074 0.075309 0.083333
0 0.368765 0.777778 0.206173 0.237037
0 0.517531 0.437963 0.185185 0.290741
0 0.557037 0.861111 0.133333 0.196296
0 0.755802 0.855556 0.167901 0.133333