0 0.129877 0.135185 0.128395 0.155556
0 0.116296 0.375000 0.113580 0.146296
0 0.293457 0.212037 0.067901 0.083333
0 0.476790 0.138889 0.081481 0.111111
0 0.733580 0.106481 0.106173 0.109259
0 0.903951 0.127778 0.091358 0.100000
0 0.860741 0.372222 0.138272 0.196296
0 0.439753 0.319444 0.083951 0.161111
0 0.468765 0.628704 0.075309 0.164815
0 0.656420 0.855556 0.114815 0.096296
0 0.878025 0.652778 0.054321 0.046296
0 0.324321 0.782407 0.139506 0.138889
0 0.173086 0.581481 0.074074 0.088889
0 0.329877 0.448148 0.118519 0.155556
0 0.607037 0.457407 0.181481 0.359259