0 0.673086 0.150000 0.108642 0.129630
0 0.940988 0.230556 0.096296 0.164815
0 0.820000 0.558333 0.116049 0.127778
0 0.872469 0.735185 0.104938 0.125926
0 0.729259 0.894444 0.085185 0.159259
0 0.652099 0.466667 0.091358 0.162963
0 0.495926 0.565741 0.090123 0.172222
0 0.514444 0.856481 0.117284 0.120370
0 0.324938 0.656481 0.116049 0.135185
0 0.132346 0.849074 0.091358 0.157407
0 0.242839 0.969444 0.080247 0.061111
0 0.108889 0.548148 0.108642 0.162963
0 0.196543 0.228704 0.093827 0.146296
0 0.376790 0.243519 0.106173 0.131481